PreprocessorDefinitions=LUT_FILE_NAME="250D.png",fLUT_TextureName="250D.png"
Techniques=prod80_04_ColorBalance@PD80_04_Color_Balance.fx,prod80_04_ContrastBrightnessSaturation@PD80_04_Contrast_Brightness_Saturation.fx,LUT@LUT.fx,prod80_05_LumaSharpen@PD80_05_Sharpening.fx

[LUT.fx]
fLUT_AmountChroma=1.000000
fLUT_AmountLuma=1.000000

[PD80_04_Color_Balance.fx]
h_BlueShift=-0.012000
h_GreenShift=-0.400000
h_RedShift=0.150000
m_BlueShift=-0.200000
m_GreenShift=-0.063000
m_RedShift=0.000000
preserve_luma=0
separation_mode=1
s_BlueShift=0.000000
s_GreenShift=0.000000
s_RedShift=0.000000

[PD80_04_Contrast_Brightness_Saturation.fx]
brightness=0.000000
brightnessD=0.000000
contrast=0.000000
contrastD=0.000000
depthCurve=1.000000
depthEnd=0.100000
depthStart=0.000000
display_depth=0
dither_strength=1.000000
enable_depth=0
enable_dither=1
exposureD=0.000000
exposureN=0.100000
huemid=0.000000
huerange=0.167000
saturation=-0.100000
saturationD=0.000000
sat_a=0.000000
sat_b=0.000000
sat_custom=0.000000
sat_g=0.000000
sat_m=0.000000
sat_p=0.000000
sat_r=0.000000
sat_y=0.000000
tint=0.000000
vibrance=0.300000
vibranceD=0.000000

[PD80_05_Sharpening.fx]
BlurSigma=0.450000
depthCurve=1.000000
depthEnd=0.100000
depthStart=0.000000
display_depth=0
enableShowEdges=0
enable_depth=0
enable_reverse=0
limiter=0.030000
Sharpening=1.700000
Threshold=0.000000

